
Time               Days    r        x          y          z        Rate     Error

2019-320T21:37:41  -73.5  0.94   1.18E+08  -7.51E+07  -6.94E+06  2.26E-04  6.26E-05  
2019-321T21:37:41  -72.5  0.94   1.19E+08  -7.38E+07  -6.98E+06  2.78E-04  6.94E-05  
2019-323T21:37:41  -70.5  0.94   1.20E+08  -7.12E+07  -7.06E+06  2.43E-04  9.19E-05  
2019-324T21:37:41  -69.5  0.93   1.21E+08  -6.99E+07  -7.09E+06  2.08E-04  8.50E-05  
2019-326T21:37:41  -67.5  0.93   1.22E+08  -6.71E+07  -7.16E+06  2.43E-04  9.19E-05  
2019-329T21:37:41  -64.5  0.93   1.23E+08  -6.28E+07  -7.23E+06  2.43E-04  9.19E-05  
2019-330T21:37:41  -63.5  0.92   1.24E+08  -6.13E+07  -7.25E+06  2.08E-04  8.50E-05  
2019-331T21:37:41  -62.5  0.92   1.24E+08  -5.98E+07  -7.26E+06  2.08E-04  8.50E-05  
2019-336T21:37:41  -57.5  0.90   1.24E+08  -5.19E+07  -7.30E+06  3.30E-04  7.57E-05  
2019-337T21:37:41  -56.5  0.90   1.24E+08  -5.02E+07  -7.30E+06  2.08E-04  8.50E-05  
2019-338T21:37:41  -55.5  0.89   1.24E+08  -4.85E+07  -7.30E+06  2.43E-04  9.19E-05  
2019-339T21:37:41  -54.5  0.89   1.24E+08  -4.69E+07  -7.29E+06  2.43E-04  9.19E-05  
2019-340T21:37:41  -53.5  0.88   1.24E+08  -4.51E+07  -7.28E+06  2.20E-04  5.04E-05  
2019-341T21:37:41  -52.5  0.88   1.24E+08  -4.34E+07  -7.27E+06  2.78E-04  6.94E-05  
2019-342T21:37:41  -51.5  0.87   1.24E+08  -4.17E+07  -7.25E+06  2.08E-04  8.50E-05  
2019-343T21:37:41  -50.5  0.87   1.23E+08  -3.99E+07  -7.23E+06  2.43E-04  9.19E-05  
2019-344T21:37:41  -49.5  0.86   1.23E+08  -3.81E+07  -7.21E+06  3.12E-04  1.04E-04  
2019-345T21:37:41  -48.5  0.86   1.22E+08  -3.63E+07  -7.19E+06  3.47E-04  1.10E-04  
2019-346T21:37:41  -47.5  0.85   1.22E+08  -3.45E+07  -7.16E+06  2.78E-04  5.67E-05  
2019-347T21:37:41  -46.5  0.84   1.21E+08  -3.27E+07  -7.12E+06  2.78E-04  5.67E-05  
2019-348T21:37:41  -45.5  0.83   1.21E+08  -3.08E+07  -7.09E+06  3.94E-04  6.75E-05  
2019-349T21:37:41  -44.5  0.83   1.20E+08  -2.90E+07  -7.05E+06  2.89E-04  5.79E-05  
2019-350T21:37:41  -43.5  0.82   1.19E+08  -2.71E+07  -7.00E+06  3.65E-04  7.96E-05  
2019-351T21:37:41  -42.5  0.81   1.19E+08  -2.52E+07  -6.96E+06  3.12E-04  6.01E-05  
2019-352T21:37:41  -41.5  0.80   1.18E+08  -2.33E+07  -6.91E+06  4.34E-04  8.68E-05  
2019-353T21:37:41  -40.5  0.79   1.17E+08  -2.14E+07  -6.85E+06  2.71E-04  7.52E-05  
2019-354T21:37:41  -39.5  0.79   1.16E+08  -1.94E+07  -6.79E+06  4.51E-04  1.25E-04  
2019-358T21:37:41  -35.5  0.75   1.11E+08  -1.16E+07  -6.51E+06  5.12E-04  1.42E-04  
2019-359T21:37:41  -34.5  0.74   1.10E+08  -9.61E+06  -6.43E+06  5.73E-04  9.97E-05  
2019-360T21:37:41  -33.5  0.73   1.08E+08  -7.65E+06  -6.34E+06  4.40E-04  7.33E-05  
2019-361T21:37:41  -32.5  0.72   1.07E+08  -5.86E+06  -6.24E+06  4.54E-04  8.03E-05  
2019-362T21:37:41  -31.5  0.70   1.05E+08  -4.06E+06  -6.12E+06  3.33E-04  1.26E-04  
2019-363T21:37:41  -30.5  0.69   1.04E+08  -2.27E+06  -6.01E+06  5.84E-04  1.51E-04  
2019-364T21:37:41  -29.5  0.68   1.02E+08  -4.67E+05  -5.89E+06  5.56E-04  1.39E-04  
2019-365T21:37:41  -28.5  0.67   1.00E+08   1.33E+06  -5.76E+06  6.27E-04  1.18E-04  
2020-007T21:37:41  -21.5  0.57   8.47E+07   1.38E+07  -4.70E+06  1.48E-03  2.61E-04  
2020-015T21:37:41  -13.5  0.43   5.89E+07   2.64E+07  -3.04E+06  1.87E-03  3.25E-04  
2020-016T21:37:41  -12.5  0.41   5.48E+07   2.77E+07  -2.79E+06  3.02E-03  1.90E-04  
2020-017T21:37:41  -11.5  0.39   5.05E+07   2.88E+07  -2.52E+06  3.43E-03  2.05E-04  
2020-018T21:37:41  -10.5  0.37   4.60E+07   2.98E+07  -2.24E+06  3.73E-03  2.14E-04  
2020-019T21:37:41   -9.5  0.34   4.11E+07   3.07E+07  -1.95E+06  4.67E-03  2.39E-04  
2020-020T21:37:41   -8.5  0.32   3.60E+07   3.13E+07  -1.65E+06  4.69E-03  2.39E-04  
2020-021T21:37:41   -7.5  0.29   3.06E+07   3.16E+07  -1.33E+06  6.44E-03  2.79E-04  
2020-022T21:37:41   -6.5  0.27   2.47E+07   3.15E+07  -9.95E+05  7.01E-03  2.94E-04  
2020-023T21:37:41   -5.5  0.24   1.85E+07   3.10E+07  -6.45E+05  8.33E-03  3.17E-04  
2020-024T21:37:41   -4.5  0.21   1.20E+07   2.98E+07  -2.82E+05  1.06E-02  3.60E-04  
2020-025T21:37:41   -3.5  0.19   5.03E+06   2.77E+07   8.96E+04  1.32E-02  4.02E-04  
2020-026T21:37:41   -2.5  0.16  -2.10E+06   2.44E+07   4.56E+05  1.64E-02  4.47E-04  
2020-027T21:37:41   -1.5  0.14  -9.06E+06   1.94E+07   7.89E+05  2.10E-02  5.07E-04  
2020-028T21:37:41   -0.5  0.13  -1.51E+07   1.25E+07   1.04E+06  1.38E-02  4.11E-04  
2020-029T21:37:41    0.5  0.13  -1.92E+07   4.09E+06   1.16E+06  7.63E-03  3.05E-04  
2020-030T21:37:41    1.5  0.14  -2.08E+07  -4.89E+06   1.14E+06  1.33E-02  4.02E-04  
2020-031T21:37:41    2.5  0.16  -2.04E+07  -1.34E+07   9.95E+05  2.09E-02  5.07E-04  
2020-032T21:37:41    3.5  0.19  -1.86E+07  -2.11E+07   7.85E+05  1.59E-02  4.39E-04  
2020-033T21:37:41    4.5  0.21  -1.60E+07  -2.79E+07   5.40E+05  1.04E-02  3.56E-04  
2020-034T21:37:41    5.5  0.24  -1.28E+07  -3.38E+07   2.78E+05  7.26E-03  2.98E-04  
2020-035T21:37:41    6.5  0.27  -9.43E+06  -3.90E+07   9.80E+03  5.83E-03  2.67E-04  
2020-036T21:37:41    7.5  0.29  -5.87E+06  -4.36E+07  -2.59E+05  4.27E-03  2.28E-04  
2020-037T21:37:41    8.5  0.32  -2.24E+06  -4.77E+07  -5.25E+05  4.25E-03  2.27E-04  
2020-038T21:37:41    9.5  0.34   1.41E+06  -5.13E+07  -7.86E+05  2.62E-03  1.80E-04  
2020-039T21:37:41   10.5  0.37   5.06E+06  -5.46E+07  -1.04E+06  2.48E-03  1.73E-04  
2020-040T21:37:41   11.5  0.39   8.67E+06  -5.76E+07  -1.29E+06  2.07E-03  1.60E-04  
2020-041T21:37:41   12.5  0.41   1.22E+07  -6.02E+07  -1.53E+06  1.93E-03  1.53E-04  
2020-042T21:37:41   13.5  0.43   1.58E+07  -6.26E+07  -1.77E+06  1.68E-03  1.43E-04  
2020-043T21:37:41   14.5  0.45   1.92E+07  -6.48E+07  -2.00E+06  1.72E-03  1.45E-04  
2020-044T21:37:41   15.5  0.47   2.26E+07  -6.68E+07  -2.22E+06  1.46E-03  1.34E-04  
2020-045T21:37:41   16.5  0.49   2.60E+07  -6.86E+07  -2.44E+06  1.17E-03  1.20E-04  
2020-046T21:37:41   17.5  0.51   2.92E+07  -7.02E+07  -2.65E+06  1.26E-03  1.24E-04  
2020-047T21:37:41   18.5  0.53   3.24E+07  -7.16E+07  -2.85E+06  1.26E-03  1.26E-04  
2020-048T21:37:41   19.5  0.54   3.56E+07  -7.29E+07  -3.05E+06  9.62E-04  1.06E-04  
2020-049T21:37:41   20.5  0.56   3.86E+07  -7.41E+07  -3.25E+06  8.68E-04  1.00E-04  
2020-050T21:37:41   21.5  0.57   4.17E+07  -7.51E+07  -3.43E+06  6.37E-04  8.58E-05  
2020-051T21:37:41   22.5  0.59   4.46E+07  -7.61E+07  -3.62E+06  6.37E-04  8.58E-05  
2020-052T21:37:41   23.5  0.60   4.75E+07  -7.69E+07  -3.79E+06  5.79E-04  8.18E-05  
2020-053T21:37:41   24.5  0.62   5.03E+07  -7.76E+07  -3.97E+06  6.37E-04  8.58E-05  
2020-054T21:37:41   25.5  0.63   5.30E+07  -7.82E+07  -4.13E+06  5.32E-04  7.85E-05  
2020-055T21:37:41   26.5  0.65   5.57E+07  -7.87E+07  -4.30E+06  5.44E-04  7.93E-05  
2020-056T21:37:41   27.5  0.66   5.84E+07  -7.92E+07  -4.45E+06  6.25E-04  8.50E-05  
2020-057T21:37:41   28.5  0.67   6.09E+07  -7.95E+07  -4.61E+06  4.05E-04  6.85E-05  
2020-058T21:37:41   29.5  0.68   6.34E+07  -7.98E+07  -4.76E+06  3.59E-04  6.44E-05  
2020-059T21:37:41   30.5  0.69   6.59E+07  -8.00E+07  -4.90E+06  3.36E-04  6.23E-05  
2020-060T21:37:41   31.5  0.70   6.83E+07  -8.01E+07  -5.04E+06  3.90E-04  9.76E-05  
2020-068T21:37:41   39.5  0.78   8.54E+07  -7.90E+07  -6.01E+06  2.93E-04  1.11E-04  
2020-069T21:37:41   40.5  0.79   8.73E+07  -7.86E+07  -6.11E+06  4.64E-04  1.47E-04  
2020-070T21:37:41   41.5  0.79   8.91E+07  -7.82E+07  -6.21E+06  2.43E-04  6.50E-05  
2020-071T21:37:41   42.5  0.80   9.09E+07  -7.77E+07  -6.31E+06  3.12E-04  1.04E-04  
2020-074T21:37:41   45.5  0.82   9.59E+07  -7.60E+07  -6.58E+06  2.08E-04  8.50E-05  
2020-075T21:37:41   46.5  0.82   9.75E+07  -7.53E+07  -6.66E+06  2.08E-04  8.50E-05  
2020-076T21:37:41   47.5  0.83   9.90E+07  -7.46E+07  -6.74E+06  2.08E-04  8.50E-05  
2020-079T21:37:41   50.5  0.84   1.03E+08  -7.23E+07  -6.95E+06  3.12E-04  1.04E-04  
2020-081T21:37:41   52.5  0.85   1.06E+08  -7.06E+07  -7.08E+06  2.08E-04  8.50E-05  
2020-083T21:37:41   54.5  0.86   1.08E+08  -6.87E+07  -7.19E+06  2.26E-04  6.26E-05  
2020-087T21:37:41   58.5  0.87   1.12E+08  -6.46E+07  -7.38E+06  2.43E-04  9.19E-05  
2020-089T21:37:41   60.5  0.87   1.14E+08  -6.24E+07  -7.45E+06  2.31E-04  5.18E-05  
2020-090T21:37:41   61.5  0.87   1.15E+08  -6.13E+07  -7.48E+06  2.43E-04  9.19E-05  
2020-091T21:37:41   62.5  0.87   1.16E+08  -6.01E+07  -7.51E+06  2.43E-04  9.19E-05  
2020-093T21:37:41   64.5  0.87   1.17E+08  -5.76E+07  -7.55E+06  2.08E-04  8.50E-05  
